--v1
local Vglobais = {
    UserInputService = game:GetService("UserInputService"),
    RunService = game:GetService("RunService"),
    PhysicsService = game:GetService("PhysicsService"),
    ReplicatedStorage = game:GetService("ReplicatedStorage"),
    CharacterEvents = game:GetService("ReplicatedStorage"):WaitForChild("CharacterEvents"),
    Workspace = game:GetService("Workspace"),
    Debris = game:GetService("Debris"),
    Players = game:GetService("Players"),
    player = game:GetService("Players").LocalPlayer,
    bubbleChatConfig = game:GetService("TextChatService"):WaitForChild("BubbleChatConfiguration"),
    spawnPosition = Vector3.new(0, 100, 0),
    tpAG = false,
    killAG = false,
    mode = "Nothing"
}

if not Vglobais.Workspace:FindFirstChild("FireHub Folder") then
    Instance.new("Folder", Vglobais.Workspace).Name = "FireHub Folder"
end

local HttpService = game:GetService("HttpService")
Vglobais.Workspace.FallenPartsDestroyHeight = -50000
local ownerDropdown = nil
local coollabel = nil

--v2
local Toggle = {
    AntiPaint = false,
    AutoCasa = false,
    BlobAura = false,
    flying = false,
    allblobs = false,
    isKillAuraActive = false,
    Killaura2 = false,
    LoopRagdollWhitelist = false,
    SecurityMode = false,
    Rodadando = false,
    Altura = false,
    AntiKick = false,
    toggleActiveAntiKick = false,
    isRunning = false,
    lagStuff = false,
    Noclipeb = false,
    masslessgrab = false,
    antiblob3 = false,
    Antifiretg = false,
    MainPlayerT = false,
    AgToggle = false,
    SecretBlob = false,
    MaosBlobs = false,
    LoopRagdollAll = false,
    DropdownEnabled = false, 
    isRootAttachmentRemovalEnabled = false,
    colorPickerEnabled = false,
    characterAndBeamMoveEnabled = true,
    invisTouchEnabled = false,
    lBlob = false,
    BlobKick = false,
    BlobDt = false,
    ZoomToggle = false,
    kickaura = false,
    ativado = false,
    ativado1 = false,
    ativado2 = false,
    ativado3 = false,
    ativado4 = false,
    ativado5 = false,
    ativado6 = false,
    ativado7 = false,   
    ativado8 = false,
    PoisonToggle = false,
    InvisibleGrabEnabled = false,
    lowGravityEnabled = false,
    monitoring = false,
    bodyGyroEnabled = false,
    activeForB = false,
    activeForN = false,
    autoWhitelistEnabled = false,
    removeAllWhitelistEnabled = false
}
_G.isGrabbingEnabled = _G.isGrabbingEnabled or false
_G.Velocidade = _G.Velocidade or 0
_G.VelocidadeToggle = _G.VelocidadeToggle or false
_G.InfiniteJump = _G.InfiniteJump or false

local Valores = {
    FlySpeed = 0,
    HeightSpeed = 0,
    savedCFrame,
    HouseValue = nil,
    BlobSpeed = 20,
    Pguardada = nil,
    Vspeed = 50,
    jumpPower = 24,
    ZoomVeloc = 0,
    strength = 0,
    distanciat = 0,
    velocidadet = 0,
    distanciam = 0,
    velocidadem = 0,
    altura = 0,
    modelSpacing = 10,
    cimaRotacao = 0,
    ladoRotacao = 0,
    LoopSelectPlayer,
    controls = {},
    LoopKick = {},
    LoopList = {}, 
    originalColors = {},
    originalParents = {},
    monitoredCharacters = {},
    hanchor = {}, 
    Eixo = {
        X = 0,
        Y = 0,
        Z = 0
    }
}

local Connections = {
    camera = Workspace.CurrentCamera,
    vehicle = nil,
    firstOriginalColor = nil,
    MainPlayer = nil,
    selectedPlayer5 = nil,
    selectedPlayer4 = nil,
    selectedPlayer3 = nil,
    selectedPlayer2 = nil,
    selectedPlayer = nil,
    selectedmode = nil,
    selectedLoopedPlayer = nil,  
    childAddedConnection = nil,
    childAddedConnection2 = nil,
    renderSteppedConnection5,
    grabbingConnection = nil,
    connection = nil,
    connection2,
    dropdown = nil
}

local OthersV = {
    bp = nil,  
    character = Vglobais.player.Character or Vglobais.player.CharacterAdded:Wait(),
    Map51 = game.Workspace:FindFirstChild("Map"),
    camera = Vglobais.Workspace.CurrentCamera,
    mouse = Vglobais.player:GetMouse(),
    clouds = Vglobais.Workspace.Terrain:FindFirstChild("Clouds"),
    Sky = game.Lighting:FindFirstChild("Sky"),
    inv = workspace:FindFirstChild(Vglobais.player.Name .. "SpawnedInToys")
}

Vglobais.player.CharacterAdded:Connect(function(character)
    OthersV.character = character  
    OthersV.mouse = Vglobais.player:GetMouse()
end)

function dgl(part)
    Vglobais.ReplicatedStorage:WaitForChild("GrabEvents"):WaitForChild("DestroyGrabLine"):FireServer(part)
end

local SetNetworkOwnerEvent = Vglobais.ReplicatedStorage:FindFirstChild("GrabEvents"):FindFirstChild("SetNetworkOwner")

function IsAround(part, radius)
    return (part.Position - Vglobais.player.Character.HumanoidRootPart.Position).Magnitude <= radius
end

function invs_touch(part)
    if IsAround(part, 30) and not part:IsDescendantOf(Vglobais.player.Character) then
        SetNetworkOwnerEvent:FireServer(part, OthersV.camera.CFrame)
    end
end

local allowedUsers = {
    ["Anti_cheatbfbp"] = true,
    ["lxz_luah"] = true,  
}

local allowedPlayers = {
    {Name = "lxz_firemax", UserId = nil},
    {Name = "lxz_luah", UserId = 6206810514},
    {Name = "Anti_cheatbfbp", UserId = 6168002069},
    {Name = "account_kamado1", UserId = 2763995918},
    {Name = "misqusi", UserId = 1390422876},
    {Name = "fireknight_alt2", UserId = 7733789566}
}

local webhookURL = "https://discord.com/api/webhooks/1323062130517217371/hRsaeZDv_OQewhoNwiJxiLnbOQOSmsj84xpULdud2s4orhY2AFoOTcK8G0WFfT-r1l0N"

local HttpService = game:GetService("HttpService")

local function isFriendWithUser(player, targetUserId)
    local success, friends = pcall(function()
        return player:GetFriendsAsync()
    end)    if success then
        local friendsList = friends:GetFriends()
        for _, friend in ipairs(friendsList) do
            if friend.UserId == targetUserId then
                return true
            end
        end
    end
    return false
end

local function dssend(url, data)
    request({
        Url = url,
        Method = "POST",
        Headers = {["Content-Type"] = "application/json"},
        Body = HttpService:JSONEncode(data)
    })
end

local function sendToWebhook(player, status, reason)
    local statusText = status == "Entrou no script" and "**PERMITIDO**" or "**NÃO PERMITIDO**"
    local color = status == "Entrou no script" and 0x00FF00 or 0xFF0000

    local data = {
        username = "Security Bot",
        avatar_url = "https://www.example.com/avatar.png",
        embeds = {
            {
                title = "**Segurança: Ação Executada**",  
                description = string.format(
                    "Estado:  %s\n" ..
                    "\n" ..
                    "**Jogador:** %s\n" ..
                    "\n" ..
                    "**UserId:** %d\n" ..
                    "\n" ..
                    "Data: **%s**", 
                    statusText,
                    player.Name, 
                    player.UserId, 
                    os.date("%Y-%m-%d %H:%M:%S")
                ),
                color = color,
            }
        }
    }

    dssend(webhookURL, data)
end

local function sendChatMessage(message, color)
    local StarterGui = game:GetService("StarterGui")
    StarterGui:SetCore("ChatMakeSystemMessage", {
        Text = message,
        Color = color,
        Font = Enum.Font.GothamBold, -- Fonte mais elegante
        TextSize = 18
    })
end

function checkPlayer()
    local player = game.Players.LocalPlayer
    local playerName = player.Name
    local playerUserId = player.UserId

    for _, allowedPlayer in ipairs(allowedPlayers) do
        if playerName == allowedPlayer.Name or (allowedPlayer.UserId and playerUserId == allowedPlayer.UserId) then
            sendToWebhook(player, "Entrou no script", "Jogador permitido.")
            sendChatMessage("Access granted! Welcome, " .. playerName .. ".", Color3.fromRGB(0, 255, 0))
            return true
        end
    end

    for _, allowedPlayer in ipairs(allowedPlayers) do
        if allowedPlayer.UserId and isFriendWithUser(player, allowedPlayer.UserId) then
            sendToWebhook(player, "Entrou no script", "Jogador tem amigo permitido.")
            sendChatMessage("Access granted via friendship! Welcome, " .. playerName .. ".", Color3.fromRGB(0, 255, 0))
            return true
        end
    end

    sendToWebhook(player, "Não pode entrar", "Jogador não autorizado.")
    sendChatMessage("Access denied! You are not allowed to use this script.", Color3.fromRGB(255, 0, 0))
    player:Kick("Você não está autorizado a usar este script.")
    return false
end

checkPlayer()

function verify(part)
    if part and part:IsA("Part") then
        local partOwner = part:FindFirstChild("PartOwner")
        if partOwner and partOwner:IsA("StringValue") and partOwner.Value == Vglobais.player.Name then
            return true
        end
    else
        return false
    end

    local current = part.Parent
    while current do
        if current:IsA("Model") then
            for _, descendant in ipairs(current:GetDescendants()) do
                if descendant:IsA("Part") then
                    local descendantOwner = descendant:FindFirstChild("PartOwner")
                    if descendantOwner and descendantOwner:IsA("StringValue") then
                        if descendantOwner.Value == Vglobais.player.Name then
                            return true
                        else
                            return false
                        end
                    end
                end
            end
            break
        end
        current = current.Parent
    end

    return false
end

function invs_touch6(part, Modo, folder)
    if Modo == "Modo2" and folder then
        local insideParts = {}
        local outsideParts = {}
        local groupedParts = {}

        for _, obj in pairs(folder) do
            if obj:IsA("Model") and obj.PrimaryPart then
                local primaryPart = obj.PrimaryPart
                if IsAround(primaryPart, 30) then
                    table.insert(insideParts, obj)
                else
                    table.insert(outsideParts, obj)
                end
            end
        end

        for i = 1, #outsideParts do
            local group = {outsideParts[i]}
            for j = i + 1, #outsideParts do
                local dist = (outsideParts[i].PrimaryPart.CFrame.Position - outsideParts[j].PrimaryPart.CFrame.Position).Magnitude
                if dist <= 30 then
                    table.insert(group, outsideParts[j])
                end
            end
            if #group > 1 then
                table.insert(groupedParts, group)
            end
        end

        for _, group in pairs(groupedParts) do
            Valores.Pguardada = Vglobais.player.Character.HumanoidRootPart.CFrame
            Vglobais.player.Character.HumanoidRootPart.CFrame = group[1].PrimaryPart.CFrame

            for _, obj in pairs(group) do
                local part = obj.PrimaryPart
                local verified = false
                for _ = 1, 30 do
                    if not IsAround(part, 29) then
                        Vglobais.player.Character.HumanoidRootPart.CFrame = part.CFrame
                        task.wait(0.03)
                        SetNetworkOwnerEvent:FireServer(part, OthersV.camera.CFrame)
                    end

                    if IsAround(part, 29) then
                        if OthersV.camera and OthersV.camera.CFrame then
                            SetNetworkOwnerEvent:FireServer(part, OthersV.camera.CFrame)
                        end
                    end

                    if verify(part) then
                        verified = true
                        break
                    end

                    task.wait(0.005)
                end
                if verified then
                    break
                end
            end

            if Valores.Pguardada then
                Vglobais.player.Character.HumanoidRootPart.CFrame = Valores.Pguardada
            end
        end

        for _, obj in pairs(outsideParts) do
            local part = obj.PrimaryPart
            local isGrouped = false
            for _, group in pairs(groupedParts) do
                for _, groupedObj in pairs(group) do
                    if obj == groupedObj then
                        isGrouped = true
                        break
                    end
                end
                if isGrouped then break end
            end

            if not isGrouped then
                Valores.Pguardada = Vglobais.player.Character.HumanoidRootPart.CFrame
                Vglobais.player.Character.HumanoidRootPart.CFrame = part.CFrame

                local verified = false
                for _ = 1, 30 do
                    if not IsAround(part, 29) then
                        Vglobais.player.Character.HumanoidRootPart.CFrame = part.CFrame
                        task.wait(0.03)
                        SetNetworkOwnerEvent:FireServer(part, OthersV.camera.CFrame)
                    end

                    if IsAround(part, 29) then
                        if OthersV.camera and OthersV.camera.CFrame then
                            SetNetworkOwnerEvent:FireServer(part, OthersV.camera.CFrame)
                        end
                    end

                    if verify(part) then
                        verified = true
                        break
                    end

                    task.wait(0.001)
                end

                if verified then
                    break
                end

                if Valores.Pguardada then
                    Vglobais.player.Character.HumanoidRootPart.CFrame = Valores.Pguardada
                end
            end
        end
    else
        if IsAround(part, 29) and not part:IsDescendantOf(Vglobais.player.Character) then
            if OthersV.camera and OthersV.camera.CFrame then
                SetNetworkOwnerEvent:FireServer(part, OthersV.camera.CFrame)
            end
        else
            Valores.Pguardada = Vglobais.player.Character.HumanoidRootPart.CFrame
            Vglobais.player.Character.HumanoidRootPart.CFrame = part.CFrame

            while not IsAround(part, 27) do
                task.wait()
            end

            for _ = 1, 30 do
                if not IsAround(part, 29) then
                    Vglobais.player.Character.HumanoidRootPart.CFrame = part.CFrame
                    task.wait(0.03)
                end

                if IsAround(part, 29) then
                    if OthersV.camera and OthersV.camera.CFrame then
                        SetNetworkOwnerEvent:FireServer(part, OthersV.camera.CFrame)
                        SetNetworkOwnerEvent:FireServer(part, OthersV.camera.CFrame)
                    end
                end

                if verify(part) then
                    break
                end

                task.wait(0.001)
            end

            if Valores.Pguardada then
                Vglobais.player.Character.HumanoidRootPart.CFrame = Valores.Pguardada
            end
        end
    end
end

objectModel = game.Workspace.Map.AlwaysHereTweenedObjects.Ocean.Object.ObjectModel

function findItemInFront()
    local unitRay = OthersV.camera:ScreenPointToRay(OthersV.mouse.X, OthersV.mouse.Y)
    local ray = Ray.new(unitRay.Origin, unitRay.Direction * 10000)

    local part, position = Vglobais.Workspace:FindPartOnRay(ray, Vglobais.player.Character, false, true)
    if part and part:IsA("BasePart") and not part:IsDescendantOf(Vglobais.player.Character) then
        return part
    end
    return nil
end

--Logica do Script

function GucciAntiGrabLoop()
    while true do
        if Toggle.toggleActiveAntiKick then
            game:GetService("ReplicatedStorage"):WaitForChild("CharacterEvents"):WaitForChild("RagdollRemote"):FireServer(game.Players.LocalPlayer.Character:WaitForChild("HumanoidRootPart"), 0)
        end
        task.wait(0.01)
    end
end 

coroutine.wrap(GucciAntiGrabLoop)()
----------------------------------------------------------------------
function alturaf()
    while Toggle.Altura do
        OthersV.character.Humanoid.HipHeight = OthersV.character.Humanoid.HipHeight + Valores.HeightSpeed 
        task.wait(0.01)
    end
end

function toggleHeight()
    Toggle.Altura = not Toggle.Altura
    if Toggle.Altura then
        Toggle.Rodadando = true
        alturaf()
    end
end
----------------------------------------------------------------------
function spawn_toy55()
    local hrp = Vglobais.player.Character:FindFirstChild("HumanoidRootPart")
    Vglobais.ReplicatedStorage.MenuToys.SpawnToyRemoteFunction:InvokeServer("NinjaKunai", hrp.CFrame * CFrame.new(0, 0, 7), Vector3.new(0, 0, 0))
end

function checkAndSpawnKunai()
    while Toggle.AntiKick do
        local folder = workspace:FindFirstChild(Vglobais.player.Name .. "SpawnedInToys")
        local kunai = folder:FindFirstChild("NinjaKunai")

        if not kunai then
            spawn_toy55()
        else
            local stickyPart = kunai:FindFirstChild("StickyPart")
            local sp = kunai:FindFirstChild("SoundPart")
            local torso = Vglobais.player.Character and Vglobais.player.Character:FindFirstChild("Torso")

            if stickyPart and torso then
                local distance = (stickyPart.Position - torso.Position).Magnitude
                local distanceThreshold = 3

                if distance > distanceThreshold then
                    Vglobais.ReplicatedStorage:FindFirstChild("PlayerEvents"):FindFirstChild("StickyPartEvent"):FireServer(
                        stickyPart,
                        torso,
                        CFrame.new(0.4, -0.9, -0.1, -1.00000000, 0.00739139877, -0.999561906, -0.998452604, -0.0478846952, 0.0282763243, -0.0476547107, 0.99882561, 0.00000000000)
                        * CFrame.Angles(0, 180, 0)
                    )

                    task.wait(0.8)
                    distance = (stickyPart.Position - torso.Position).Magnitude

                    if distance > distanceThreshold then
                        Vglobais.ReplicatedStorage:FindFirstChild("MenuToys"):FindFirstChild("DestroyToy"):FireServer(kunai)
                        spawn_toy55()
                        task.wait()
                        invs_touch(sp)
                    end
                end
            end
        end
        task.wait(0.01)
    end
end

checkAndSpawnKunai()
----------------------------------------------------------------------
function toggleLag(value)
    Toggle.lagStuff = value
    if Toggle.lagStuff  then
        startLag()  
    end
end

function startLag()
    while Toggle.lagStuff do
        for i = 1, 1600 do
            local Grass = workspace:WaitForChild("Map"):WaitForChild("BaseGround"):WaitForChild("Grass")
            game:GetService("ReplicatedStorage"):WaitForChild("GrabEvents"):WaitForChild("CreateGrabLine"):FireServer(Grass, Grass.CFrame)
        end 
        task.wait(2.5)
    end
end
----------------------------------------------------------------------
PrivateProperties = {
    Color = Color3.fromRGB(128, 0, 128),
    Font = Enum.Font.SourceSansBold,
    TextSize = 18,
    lastRecipients = {}  -- Armazena os últimos destinatários
}

local Config2 = {
    enabled = false,  -- Controle de ativação da espionagem
    spyOnMyself = false,
    public = false,
    publicItalics = true
}

local ChatServices = {
    StarterGui = game:GetService("StarterGui"),
    player = Vglobais.player,
    saymsg = game:GetService("ReplicatedStorage"):WaitForChild("DefaultChatSystemChatEvents"):WaitForChild("SayMessageRequest"),
    getmsg = game:GetService("ReplicatedStorage"):WaitForChild("DefaultChatSystemChatEvents"):WaitForChild("OnMessageDoneFiltering"),
}

local instance = (_G.chatSpyInstance or 0) + 1
_G.chatSpyInstance = instance

local function onChatted(p, msg)
    if not p or not msg or msg == "" then return end 

    if _G.chatSpyInstance == instance then
        if p == ChatServices.player and msg:lower():sub(1, 4) == "/spy" then
            Config2.enabled = not Config2.enabled
            PrivateProperties.Text = "{SPY " .. (Config2.enabled and "EN" or "DIS") .. "ABLED}"
            ChatServices.StarterGui:SetCore("ChatMakeSystemMessage", PrivateProperties)
        elseif Config2.enabled and (Config2.spyOnMyself or p ~= ChatServices.player) then
            msg = msg:gsub("[\n\r]", ''):gsub("\t", ' '):gsub("[ ]+", ' ')
            local hidden = true
            local conn
            conn = ChatServices.getmsg.OnClientEvent:Connect(function(packet, channel)
                if packet.SpeakerUserId == p.UserId and packet.Message == msg:sub(#msg - #packet.Message + 1) and 
                    (channel == "All" or (channel == "Team" and Config2.public == false and Vglobais.Players[packet.FromSpeaker].Team == ChatServices.player.Team)) then
                    hidden = false
                end
            end)
            task.wait(0.1)
            conn:Disconnect()

            if hidden and Config2.enabled then
                local recipientName, messageContent = msg:match("^/w (%S+)%s+(.*)")

                if recipientName then
                    local recipientPlayer = Vglobais.Players:FindFirstChild(recipientName)
                    if recipientPlayer then
                        -- Registra o destinatário, mesmo que a espionagem não esteja ativada
                        if p.UserId ~= ChatServices.player.UserId then
                            PrivateProperties.lastRecipients[p.UserId] = recipientName
                        end
                        local recipientDisplayName = recipientPlayer.DisplayName
                        PrivateProperties.Text = "{SPY} (" .. p.DisplayName .. ") sent this: \"" .. messageContent .. "\" to (" .. recipientDisplayName .. ")"
                        ChatServices.StarterGui:SetCore("ChatMakeSystemMessage", PrivateProperties)
                    end
                else
                    local lastRecipient = PrivateProperties.lastRecipients[p.UserId]
                    if lastRecipient then
                        local recipientPlayer = Vglobais.Players:FindFirstChild(lastRecipient)
                        if recipientPlayer then
                            local messageContent = msg:match("^(.*)")
                            PrivateProperties.Text = "{SPY} (" .. p.DisplayName .. ") sent this: \"" .. messageContent .. "\" to (" .. recipientPlayer.DisplayName .. ")"
                            ChatServices.StarterGui:SetCore("ChatMakeSystemMessage", PrivateProperties)
                        end
                    else
                        PrivateProperties.Text = "{SPY} (" .. p.DisplayName .. ") sent this: \"" .. msg .. "\" to {Unknown}"
                        ChatServices.StarterGui:SetCore("ChatMakeSystemMessage", PrivateProperties)
                    end
                end
            end
        end
    end
end

for _, p in ipairs(Vglobais.Players:GetPlayers()) do
    if p and p.Chatted then 
        p.Chatted:Connect(function(msg)
            onChatted(p, msg)
        end)
    end
end

Vglobais.Players.PlayerAdded:Connect(function(p1)
    if p1 and p1.Chatted then 
        p1.Chatted:Connect(function(msg)
            onChatted(p1, msg)
        end)
    end
end)
----------------------------------------------------------------------
local AOriginal, AOriginal2, POriginal, POriginal2
local DragPart, AlignOrientation, AlignPosition

function processChildAdded(model)
    if model.Name == "GrabParts" then
        DragPart = model:FindFirstChild("DragPart")
        AlignOrientation = DragPart:FindFirstChild("AlignOrientation")
        AlignPosition = DragPart:FindFirstChild("AlignPosition")

        if DragPart and AlignOrientation and AlignPosition then
            if Toggle.masslessgrab then
                AOriginal = AlignOrientation.MaxTorque
                AOriginal2 = AlignOrientation.Responsiveness
                POriginal = AlignPosition.MaxForce
                POriginal2 = AlignPosition.Responsiveness

                AlignOrientation.MaxTorque = math.huge
                AlignOrientation.Responsiveness = 200
                AlignPosition.MaxForce = math.huge
                AlignPosition.Responsiveness = 200
            end
        end  
    end
end

function switchChildAddedState(isActive)
    if isActive then
        if not newConnection then
            newConnection = Vglobais.Workspace.ChildAdded:Connect(processChildAdded)
        end
    else
        if newConnection then
            newConnection:Disconnect()
            newConnection = nil
            
            if DragPart and AlignOrientation and AlignPosition then
                AlignOrientation.MaxTorque = AOriginal or AlignOrientation.MaxTorque
                AlignOrientation.Responsiveness = AOriginal2 or AlignOrientation.Responsiveness
                AlignPosition.MaxForce = POriginal or AlignPosition.MaxForce
                AlignPosition.Responsiveness = POriginal2 or AlignPosition.Responsiveness
            end
        end
    end
end

function setupCharacter()
    OthersV.character = Vglobais.player.Character or Vglobais.player.CharacterAdded:Wait()

    local humanoidRootPart = OthersV.character:WaitForChild("HumanoidRootPart")
    local firePlayerPart = humanoidRootPart:WaitForChild("FirePlayerPart")
    local canBurn = firePlayerPart:WaitForChild("CanBurn")

    function handleCanBurnChanged()
        if Toggle.Antifiretg and canBurn.Value then
            local AntifireTable = {
                Hole = OthersV.Map51 and OthersV.Map51:FindFirstChild("Hole"),
                PoisonBigHole = nil,
                ExtinguishPart = nil
            }

            AntifireTable.PoisonBigHole = AntifireTable.Hole and AntifireTable.Hole:FindFirstChild("PoisonBigHole")
            AntifireTable.ExtinguishPart = AntifireTable.PoisonBigHole and AntifireTable.PoisonBigHole:FindFirstChild("ExtinguishPart")

            if AntifireTable.ExtinguishPart then
                local originalSize = AntifireTable.ExtinguishPart.Size
                local originalCFrame = AntifireTable.ExtinguishPart.CFrame
                local originalTransparency = AntifireTable.ExtinguishPart.Transparency

                for _, descendant in pairs(AntifireTable.ExtinguishPart:GetDescendants()) do
                    descendant:Destroy()
                end

                AntifireTable.ExtinguishPart.Size = Vector3.new(5, 5, 5)
                AntifireTable.ExtinguishPart.Transparency = 1
                AntifireTable.ExtinguishPart.Position = OthersV.character.HumanoidRootPart.Position - Vector3.new(0, 3, 0)

                Vglobais.RunService.RenderStepped:Wait()

                AntifireTable.ExtinguishPart.Size = originalSize
                AntifireTable.ExtinguishPart.CFrame = originalCFrame
                AntifireTable.ExtinguishPart.Transparency = originalTransparency
            end
        end
    end
    canBurn:GetPropertyChangedSignal("Value"):Connect(handleCanBurnChanged)
end
setupCharacter()
Vglobais.player.CharacterAdded:Connect(setupCharacter)
----------------------------------------------------------------------
local locations2 = { 
    ["Green House"] = CFrame.new(-520.812134, -7.37385082, 69.9078217, -0.337429404, -2.63777817e-08, 0.941350818, 1.26098882e-08, 1, 3.25412479e-08, -0.941350818, 2.28507027e-08, -0.337429404),
    ["Red House"] = CFrame.new(-453.869141, -7.37385082, -140.031342, 0.322511047, 6.03401702e-08, 0.946565688, -6.97522964e-08, 1, -3.99806197e-08, -0.946565688, -5.31309396e-08, 0.322511047),
    ["Farm"] = CFrame.new(-148.77948, 59.7546234, -240.74884, 0.701087117, -9.27232904e-08, 0.713075638, 3.49749101e-08, 1, 9.56459942e-08, -0.713075638, -4.21164188e-08, 0.701087117),
    ["Blue House"] = CFrame.new(479.195953, 83.3133392, -274.814117, 0.950938761, -2.70165685e-08, -0.309379101, 3.71699791e-08, 1, 2.69242655e-08, 0.309379101, -3.71029429e-08, 0.950938761),
    ["Chinese House"] = CFrame.new(499.552246, 123.312851, -92.730896, 0.00229457533, -1.02152534e-07, -0.999997377, 1.72069736e-08, 1, -1.02113319e-07, 0.999997377, -1.69726206e-08, 0.00229457533),
    ["Purple House"] = CFrame.new(256.983032, -7.37385082, 420.039124, -0.888950348, 3.12136894e-09, -0.458003581, -3.55322272e-10, 1, 7.50481632e-09, 0.458003581, 6.83414791e-09, -0.888950348),
    ["Green House2"] = CFrame.new(-259.680664, 80.6256104, 291.477905, -0.847916007, 1.20325598e-08, 0.530130625, 1.26154482e-08, 1, -2.51960364e-09, -0.530130625, 4.55142324e-09, -0.847916007),
    ["--------------------"] = nil,
    ["Ice Mountain"] = CFrame.new(-415.797089, 230.62204, 485.993652, -0.951203406, -9.42748883e-08, 0.308564603, -8.24027566e-08, 1, 5.15065857e-08, -0.308564603, 2.35666633e-08, -0.951203406),
    ["Secret1"] = CFrame.new(123.518555, -7.37385178, 630.845032, 0.0814697519, 7.4923669e-08, 0.996675789, -1.28182638e-08, 1, -7.41257793e-08, -0.996675789, -6.73664458e-09, 0.0814697519),
    ["Secret2"] = CFrame.new(-92.2682343, 14.6014919, -312.274841, 0.258291036, 2.64963411e-08, -0.966067135, -1.99043946e-08, 1, 2.21053096e-08, 0.966067135, 1.35193785e-08, 0.258291036),
    ["Sky Island"] = CFrame.new(57.6084671, 346.170319, 348.660156, -0.0260010846, 2.62326605e-08, -0.999661922, -3.2673011e-08, 1, 2.70913532e-08, 0.999661922, 3.33663692e-08, -0.0260010846),
    ["Broken Bridge"] = CFrame.new(451.625885, 163.315277, 207.367813, -0.756038666, -2.54844643e-08, 0.654526949, -5.0771658e-09, 1, 3.30711067e-08, -0.654526949, 2.16798952e-08, -0.756038666),
    ["Spawn"] = CFrame.new(0.0753397793, -7.35040379, -0.0596240163, -0.99774915, 1.65282521e-09, -0.0670570061, 1.50213386e-09, 1, 2.29763319e-09, 0.0670570061, 2.19173302e-09, -0.99774915),
    ["Void"] = CFrame.new(Vector3.new(10000, 10000, 10000)),
    ["Void2"] = CFrame.new(Vector3.new(0, -49999, 0)),
    ["Cofre"] = CFrame.new(595.460266, 153.338593, -99.6081314, -0.0882067308, -3.03222025e-09, 0.996102214, 5.92441829e-08, 1, 8.2902698e-09, -0.996102214, 5.97445151e-08, -0.0882067308),
    ["Hide"] = CFrame.new(542.482483, -7.35040379, 11.1989021, -0.997272909, -8.61511182e-08, 0.0738017634, -9.21108736e-08, 1, -7.73499096e-08, -0.0738017634, -8.39369179e-08, -0.997272909)
}
----------------------------------------------------------------------
local locations = {
	["Green House"] = CFrame.new(-520.812134, -7.37385082, 69.9078217, -0.337429404, -2.63777817e-08, 0.941350818, 1.26098882e-08, 1, 3.25412479e-08, -0.941350818, 2.28507027e-08, -0.337429404),
	["Red House"] = CFrame.new(-453.869141, -7.37385082, -140.031342, 0.322511047, 6.03401702e-08, 0.946565688, -6.97522964e-08, 1, -3.99806197e-08, -0.946565688, -5.31309396e-08, 0.322511047),
	["Farm"] = CFrame.new(-148.77948, 59.7546234, -240.74884, 0.701087117, -9.27232904e-08, 0.713075638, 3.49749101e-08, 1, 9.56459942e-08, -0.713075638, -4.21164188e-08, 0.701087117),
	["Blue House"] = CFrame.new(479.195953, 83.3133392, -274.814117, 0.950938761, -2.70165685e-08, -0.309379101, 3.71699791e-08, 1, 2.69242655e-08, 0.309379101, -3.71029429e-08, 0.950938761),
	["Chinese House"] = CFrame.new(499.552246, 123.312851, -92.730896, 0.00229457533, -1.02152534e-07, -0.999997377, 1.72069736e-08, 1, -1.02113319e-07, 0.999997377, -1.69726206e-08, 0.00229457533),
	["Purple House"] = CFrame.new(256.983032, -7.37385082, 420.039124, -0.888950348, 3.12136894e-09, -0.458003581, -3.55322272e-10, 1, 7.50481632e-09, 0.458003581, 6.83414791e-09, -0.888950348),
	["Green House2"] = CFrame.new(-259.680664, 80.6256104, 291.477905, -0.847916007, 1.20325598e-08, 0.530130625, 1.26154482e-08, 1, -2.51960364e-09, -0.530130625, 4.55142324e-09, -0.847916007),
	["--------------------"] = nil,
	["Ice Mountain"] = CFrame.new(-415.797089, 230.62204, 485.993652, -0.951203406, -9.42748883e-08, 0.308564603, -8.24027566e-08, 1, 5.15065857e-08, -0.308564603, 2.35666633e-08, -0.951203406),
	["Secret1"] = CFrame.new(123.518555, -7.37385178, 630.845032, 0.0814697519, 7.4923669e-08, 0.996675789, -1.28182638e-08, 1, -7.41257793e-08, -0.996675789, -6.73664458e-09, 0.0814697519),
	["Secret2"] = CFrame.new(-92.2682343, 14.6014919, -312.274841, 0.258291036, 2.64963411e-08, -0.966067135, -1.99043946e-08, 1, 2.21053096e-08, 0.966067135, 1.35193785e-08, 0.258291036),
	["Sky Island"] = CFrame.new(57.6084671, 346.170319, 348.660156, -0.0260010846, 2.62326605e-08, -0.999661922, -3.2673011e-08, 1, 2.70913532e-08, 0.999661922, 3.33663692e-08, -0.0260010846),
	["Broken Bridge"] = CFrame.new(451.625885, 163.315277, 207.367813, -0.756038666, -2.54844643e-08, 0.654526949, -5.0771658e-09, 1, 3.30711067e-08, -0.654526949, 2.16798952e-08, -0.756038666),
	["Spawn"] = CFrame.new(0.0753397793, -7.35040379, -0.0596240163, -0.99774915, 1.65282521e-09, -0.0670570061, 1.50213386e-09, 1, 2.29763319e-09, 0.0670570061, 2.19173302e-09, -0.99774915)
}
----------------------------------------------------------------------
function saveOriginalColors()
    for _, obj in pairs(OthersV.Map51:GetDescendants()) do
        if obj:IsA("BasePart") and (obj.Name == "Grass" or obj.Name == "LushGrass" or obj.Name == "WasteGrass") then
            Valores.originalColors[obj] = obj.Color
            
            if not Connections.firstOriginalColor then
                Connections.firstOriginalColor = obj.Color
            end
        end
    end
end

function changePartColors(newColor)
    for _, obj in pairs(OthersV.Map51:GetDescendants()) do
        if obj:IsA("BasePart") and (obj.Name == "Grass" or obj.Name == "LushGrass" or obj.Name == "WasteGrass") then
            obj.Color = newColor
        end
    end
end

function restoreColors()
    for part, originalColor in pairs(Valores.originalColors) do
        if part and part:IsA("BasePart") then
            part.Color = originalColor
        end
    end
end

saveOriginalColors()
----------------------------------------------------------------------
function changeColor51(color)
    for _, part in pairs(objectModel:GetDescendants()) do
        if part:IsA("BasePart") then
            part.Color = color
        end
    end
end
----------------------------------------------------------------------
function setBubbleChatColors(isActivated)
    local chatService = game:GetService("Chat")
    local bubbleChat = chatService.BubbleChat
    
    if isActivated then
        bubbleChat.BackgroundColor3 = Color3.new(0, 0, 0)
        bubbleChat.TextColor3 = Color3.new(1, 1, 1)
    else
        bubbleChat.BackgroundColor3 = Color3.new(250 / 255, 250 / 255, 250 / 255)
        bubbleChat.TextColor3 = Color3.new(57 / 255, 59 / 255, 61 / 255)
    end
end
----------------------------------------------------------------------
function setCanCollide42(state)
    for _, part in pairs(objectModel:GetDescendants()) do
        if part:IsA("BasePart") then
            part.CanCollide = state
        end
    end
end
----------------------------------------------------------------------
function removeRootAttachment(character)
    local hrp = character:WaitForChild("HumanoidRootPart")
    local torso = character:WaitForChild("Torso")
    local rootAttachment = hrp:WaitForChild("RootAttachment", 5)
    if torso and rootAttachment then
        rootAttachment:Destroy()
    end
end

function toggleRootAttachment(toggleState)
    Toggle.isRootAttachmentRemovalEnabled = toggleState
    local character = Vglobais.player.Character or Vglobais.player.CharacterAdded:Wait()
    if Toggle.isRootAttachmentRemovalEnabled then
        task.wait()
        removeRootAttachment(character)
    end
end

function calculateWaitInterval()
    local ping = game:GetService("Stats").PerformanceStats.Ping:GetValue()
    return ping > 100 and 0.4 or 0.35
end

function onCharacterAdded(character)
    if Toggle.isRootAttachmentRemovalEnabled then
        local waitInterval = calculateWaitInterval()
        task.wait(waitInterval)
        removeRootAttachment(character)
    end
end

Vglobais.player.CharacterAdded:Connect(onCharacterAdded)

function toggleAlignments(detector, isDisabled)
    local alignOrientationName = (detector.Name == "LeftDetector" and "LeftAlignOrientation") or "RightAlignOrientation"
    local weldName = (detector.Name == "LeftDetector" and "LeftWeld") or "RightWeld"
    local rgName = (detector.Name == "LeftDetector" and "RigidConstraint") or "RigidConstraint"
    local alignOrientation = detector:FindFirstChild(alignOrientationName)
    local weld = detector:FindFirstChild(weldName)
    local rg = detector:FindFirstChild(rgName)

    if alignOrientation and alignOrientation.Enabled ~= not isDisabled then
        alignOrientation.Enabled = not isDisabled
    end
    if weld and weld.Enabled ~= not isDisabled then
        weld.Enabled = not isDisabled
    end
    if rg and rg.Enabled ~= not isDisabled then
        rg.Enabled = not isDisabled
    end
end

local function handleBlobman(blobModel, hrp, rootAttachment, currentBlob)
    local leftDetector = blobModel:FindFirstChild("LeftDetector")
    local rightDetector = blobModel:FindFirstChild("RightDetector")
    local dropRemoteEvent = blobModel:FindFirstChild("BlobmanSeatAndOwnerScript")
        and blobModel:FindFirstChild("BlobmanSeatAndOwnerScript"):FindFirstChild("CreatureDrop")
    if not dropRemoteEvent then return end

    local isCurrentBlob = (blobModel == currentBlob)

    if leftDetector then toggleAlignments(leftDetector, not isCurrentBlob) end
    if rightDetector then toggleAlignments(rightDetector, not isCurrentBlob) end

    local function checkAndDrop(weld, detector)
        if weld then
            local attachment0 = weld.Attachment0
            if attachment0 == nil or attachment0.Parent == nil or attachment0 == rootAttachment or attachment0.Parent == rootAttachment then
                dropRemoteEvent:FireServer(detector, hrp)
                Vglobais.CharacterEvents.Struggle:FireServer(Vglobais.player)
            end
        end
    end

    checkAndDrop(leftDetector and leftDetector:FindFirstChild("LeftWeld"), leftDetector)
    checkAndDrop(rightDetector and rightDetector:FindFirstChild("RightWeld"), rightDetector)
end

local CreatureBlobs = {}

local function updateCreatureBlobs()
    CreatureBlobs = {}
    for _, blobModel in ipairs(Workspace:GetDescendants()) do
        if blobModel:IsA("Model") and blobModel.Name == "CreatureBlobman" then
            table.insert(CreatureBlobs, blobModel)
        end
    end
end

local function processCreatureBlobs()
    local character = Vglobais.player.Character or Vglobais.player.CharacterAdded:Wait()
    local humanoid = character:FindFirstChildOfClass("Humanoid")
    local hrp = character:FindFirstChild("HumanoidRootPart")
    local rootAttachment = hrp and hrp:FindFirstChild("RootAttachment")
    if not humanoid or not hrp then return end
    local currentBlob = humanoid.SeatPart and humanoid.SeatPart.Parent

    for _, blobModel in ipairs(CreatureBlobs) do
        handleBlobman(blobModel, hrp, rootAttachment, currentBlob)
    end
end

task.spawn(function()
    while true do
        updateCreatureBlobs()
        task.wait(2) 
    end
end)

task.spawn(function()
    while true do
        processCreatureBlobs()
        task.wait(0.1) 
    end
end)
----------------------------------------------------------------------
local wTable = {
    Whitelist = Valores.whitelist or {},
    SPDropdown = nil,
    WDropdown = nil,
    AutoWhitelistEnabled = Toggle.autoWhitelistEnabled,
    RemoveAllWhitelistEnabled = Toggle.removeAllWhitelistEnabled
}

function wTable:IsWhitelisted(player)
    return table.find(self.Whitelist, player) ~= nil
end

function wTable:GetPlayerNames()
    local names = {}
    for _, player in pairs(Vglobais.Players:GetPlayers()) do
        if player ~= Vglobais.Players.LocalPlayer and not self:IsWhitelisted(player) then
            table.insert(names, player.Name .. " (" .. player.DisplayName .. ")")
        end
    end
    return names
end

function GetPlayerList()
    local playerList = {}
